10
20
30
40
50
60
70
80
92
100
130
150
219
220
240
280
300
524600
524592
524593
524594
524595
524596
320
524610
340
524630
524650
360
524640
380
524660
524680
400
410
524690
420
440
500
550
524860
524850
570
524870
524880
524900
620
524920
630
524940
659
524950
524970
524990
525000
525016
525017
525018
525019
525020
730
525011
525012
525014
525015
525032
525033
525034
525035
525036
525037
525050
525070
525080
525100
525150
525140
525180
525181
525182
525183
900
901
902
525184
904
525185
905
525186
906
525187
907
525188
908
909
525190
912
913
525210
914
915
916
917
918
919
920
921
922
923
924
925
926
927
929
930
931
932
933
934
936
937
525220
940
525221
941
942
945
946
947
948
949
950
951
953
954
955
956
960
961
963
964
965
966
967
968
974
975
976
977
978
980
981
982
983
984
985
986
987
988
991
992
525290
994
995
997
998
999
525280
525281
1002
525282
1003
525283
525284
525300
525320
525340
525330
525350
525370
525360
525390
525420
525410
525412
525430
525450
525440
525441
525442
525470
525471
525460
1200
525500
525490
1230
525530
525520
1250
525550
1256
1257
525540
1280
525580
1300
1309
525590
1313
525610
525600
329013
329012
525630
329020
525640
525660
329040
329050
525680
329100
525700
525720
329110
525740
525730
329130
329150
525750
525760
329180
1500
525780
1502
329190
1510
1520
1522
329200
1530
1540
329240
591380
525870
329260
525860
329270
1600
329280
1610
1620
329310
1630
525910
525930
1640
329320
525950
329340
525960
329350
1670
525980
329360
1690
525970
329370
329380
1700
1710
526010
526000
526001
526002
329400
526020
526040
329430
526060
329440
329460
526070
526090
329480
329490
329500
526120
526121
526122
1840
526130
329530
329551
329550
526150
526160
1900
1920
1930
329610
329620
329630
329640
591800
329650
460730
329670
329680
329690
329760
329770
2100
329790
2120
2130
329821
329820
329822
329830
329860
2200
329880
2210
329890
329910
329920
2270
2280
329960
2290
329970
329980
2300
2310
2320
330000
2330
330020
2340
2350
2360
2370
330070
2390
2400
330100
2420
330110
2450
330130
330180
2500
2510
2520
2525
2535
2540
2545
330230
2550
2560
330240
2570
330260
2580
330270
2590
2600
330280
2610
2620
2630
2640
330350
2680
2690
330370
2700
330390
2710
2720
2730
330420
2760
330450
330460
2780
330470
2790
2800
330480
2810
330500
2820
330511
330510
2840
330520
264996
2850
264995
265000
2870
330570
330580
2900
330590
2910
265060
265061
2920
330620
330631
330630
265090
265100
330650
330660
265120
265132
330670
265130
2990
265131
265140
265141
265142
265143
3000
265144
265145
330680
3010
330690
3020
265170
265191
330720
3050
265192
265193
330730
265200
265210
265230
330760
330770
265240
330800
3130
330810
330820
265292
265293
330830
265290
265291
265300
330840
3170
265330
3190
265350
330880
3210
3230
265380
265400
3260
330950
265410
3270
3280
3300
3302
330990
3310
265460
3312
265461
265462
265463
3320
265470
3322
265464
331000
3330
3332
3340
3342
265490
3350
3352
3360
3362
331061
331060
331063
331062
3380
3382
331069
331068
331071
331070
331065
331064
265530
331067
3390
331066
3392
331072
3400
265550
3402
265590
331120
331130
265610
265630
331160
331181
331180
331190
265670
331200
331210
331220
331230
265690
331240
331250
331260
331270
265750
331290
331300
265770
265790
331340
331351
331350
265810
331357
331356
331358
331353
331352
331355
331354
265830
331360
331380
331390
265870
331400
265890
265930
265950
265970
265990
266010
266030
266050
266070
266090
266110
266130
266150
266170
266190
266210
266230
266250
266270
266290
266310
266330
266370
462990
266390
266410
266430
266450
266470
266490
266510
266590
4560
266710
266730
266740
266840
266880
266930
266931
266940
266980
267060
267220
267340
267360
267380
267381
267382
267490
267530
267600
267610
267630
267652
267653
267654
267655
267650
267651
267660
267670
267680
267720
267730
267750
267772
267773
267774
267775
267770
267771
267780
267781
267782
267783
267776
267777
267778
267788
267784
267785
267786
267787
267810
267830
267880
267890
267900
267920
267940
267960
267980
268030
268050
268080
333830
6550
465430
204360
205100
467660
9050
468000
402710
207100
207111
207114
207113
207112
207130
207140
207150
207167
207166
207170
207169
207168
207190
207210
207221
207230
207250
207320
207350
207370
207380
469550
207400
207420
207430
207490
207510
207530
207570
207610
207620
207650
207655
207660
207670
207690
207710
207730
207750
207790
207815
207816
469990
470000
207870
470020
470030
207890
470040
470060
470070
207930
470080
470090
207970
207990
470130
470140
470160
208030
470170
470180
470190
470200
470210
470220
470230
208090
470240
208110
470250
470260
470270
208140
470280
470300
208200
208283
208282
208281
208280
208287
208286
208284
208289
208288
208295
208294
208293
208292
208298
208296
208303
208302
208301
208300
470440
208307
208306
208304
470450
208319
208318
470470
208343
208342
208341
470480
208346
208351
208350
470490
208349
208348
208355
208354
208353
208352
470500
208356
208363
208362
208361
208367
208366
208365
208364
208371
208370
208369
208375
208379
208378
208377
536050
208376
208400
470580
470590
208460
470600
208470
470610
208480
208491
208500
470670
208520
208543
208542
208541
208540
208546
208545
208544
470691
470690
208570
208575
208580
470740
470750
208600
208620
470760
208630
470770
470780
208640
208650
470800
208670
208690
208710
470870
208730
208742
208741
208740
208750
470890
208791
208790
208792
471010
471160
471170
471220
471240
471250
471260
471270
471310
471320
471330
471350
471380
471400
471410
471450
471550
471570
471590
471610
471630
471640
471650
471660
471710
471720
471730
471741
471740
471750
471760
471770
471800
471810
471870
471895
471894
471893
471891
471890
471900
471899
471898
471897
471896
471910
471920
472060
472070
472350
472420
472490
472630
472671
472670
472680
472690
472720
472740
472750
472770
538330
472830
472850
472870
473050
473090
473140
604350
604340
604360
604440
604450
604470
604480
473420
473430
473447
473446
473445
473444
473443
473442
473441
473440
473450
473460
473470
604530
473480
604550
604570
473490
473510
604580
604601
604600
604602
473520
473530
473540
473560
604650
473590
473600
473610
604730
473660
473670
473690
604780
473710
473720
604810
473730
473740
604830
604840
473770
604860
473790
473800
604870
473810
604900
473840
473850
604940
473871
473870
604930
473910
604980
473920
605020
473950
605030
473970
605040
605070
605060
474010
80813
80868
605170
80913
605200
80937
80936
80939
605220
80940
80945
80944
80947
80948
80950
605300
605410
605430
605440
605470
605460
605480
605520
605570
605590
605660
605650
605690
605700
605790
605830
605850
409241
409254
409255
409252
409253
409250
409251
605860
409256
409257
605880
409280
605890
409290
409310
605910
605930
409320
409330
409340
409350
409360
409370
409380
409390
409410
606030
409420
409430
606060
409440
606050
409450
409460
409470
409480
409490
606100
409510
409520
409530
606170
409560
409580
606180
409590
606220
409600
606210
409610
409630
409652
409653
409650
409651
606270
409660
409670
409690
409710
606330
409720
409730
606350
409740
409750
606360
606390
409850
409870
409890
409910
409920
606530
409960
409970
409980
409990
410000
410030
410040
410050
606690
410100
410110
410120
410130
410150
410210
606820
606860
410260
410280
410290
410320
410340
410370
410380
410390
410410
410420
410430
410440
410450
410460
410470
410480
410490
410530
410531
410540
410550
410570
410590
607220
410670
410680
410710
607340
410750
410760
410770
410780
410790
410800
410810
410820
607450
410840
410850
607500
410890
410900
410910
607510
410920
607550
410940
607540
607560
410970
410980
410990
411000
411010
411020
411030
411050
411060
411070
411080
607710
411100
411110
411120
607730
411130
411150
411300
411310
411320
411330
411340
411350
411370
411380
411390
411400
411401
411410
411420
608020
411460
411470
411480
411510
608140
411520
411530
411540
411550
411560
411570
411580
411590
608220
411600
608210
411610
411620
411630
411650
608420
608450
608600
608720
608800
608840
608980
609100
609240
347160
609370
412830
609430
609440
21620
21660
21680
21690
21900
480650
21910
21980
22000
22010
22100
22130
22140
22150
22180
22220
22310
22330
22350
22360
22362
22363
22370
22400
22430
22440
22450
22500
22510
22520
22521
22620
22632
22633
22690
547500
547501
547502
547490
547530
547550
547540
547560
547561
547562
547580
547570
547590
547610
547630
547660
547670
547680
547710
547720
547740
547730
547750
547760
547800
547820
547810
547830
547850
547840
547870
547860
547880
547900
547910
547930
547920
547960
547980
547970
547990
548010
548000
548020
548050
548070
548080
548110
548170
548160
548190
548200
548220
548210
548230
548250
548300
548290
548330
548320
548340
548360
548380
548370
548410
548430
548420
548421
548422
548440
220760
548470
548490
548480
548540
548560
548630
548650
548700
548690
286570
548710
548730
548720
548750
548740
548760
548770
548840
548860
548850
548920
548930
548950
549000
549030
549070
549071
549090
549112
549113
549110
549111
549190
549200
549230
549220
549260
549250
549290
549280
549370
549360
549390
549380
549400
418370
549490
549510
549640
25500
25510
25600
25610
25620
25700
25710
25758
25759
25760
25761
25762
25763
25764
25800
25808
25809
25810
25812
25813
25814
25815
25816
25817
25830
25850
25860
25870
25890
25892
25896
25897
25898
25899
25900
25910
25930
25940
25960
25962
25980
25990
26000
26005
26006
26007
26010
26300
26500
26510
26700
26710
26800
26803
26810
26900
26910
27000
27020
27030
27040
27050
27200
27330
27400
27600
27610
27800
27810
27900
27910
27920
27940
28000
28010
28011
28012
28020
552590
29120
29130
29140
29150
29160
29180
29200
29540
29560
357240
29570
357250
357261
357260
357262
29580
357280
357290
357300
357310
29640
357320
29650
357330
357340
357350
357360
357370
29700
357440
357450
29800
357480
357490
357500
292030
29900
357600
357650
357660
357670
357690
357700
357711
357710
357720
357730
357750
357760
357770
357780
357790
357800
357830
357840
357890
357900
357910
357920
357930
357940
357970
358000
358010
358020
358030
358070
358080
358090
358110
358120
358130
358141
358140
358143
358142
358150
358144
358170
358180
358190
358200
358210
358220
358230
358240
358250
358260
358270
358280
358290
358300
554900
358310
358320
358330
358340
358350
358360
358370
358380
358390
358400
358410
358420
358440
358460
358470
358490
358610
358650
358700
358750
358760
358770
358780
31100
31109
31110
31120
358800
31130
358810
358830
31160
358840
31170
31180
358870
31190
31200
358880
31210
31220
31230
31240
31250
31260
358950
31270
31280
358960
31290
358970
31300
359040
359050
359060
359070
359080
359090
359110
359120
359130
359140
359160
359180
31500
359190
359220
359230
359250
359260
359280
359300
359310
359320
359350
359370
359380
31700
359390
31710
359400
359420
359440
359450
31800
359480
359493
359492
359495
359494
359491
359490
359500
359497
359496
359521
359520
359530
359540
359550
359560
359570
359580
359600
359610
359620
359630
359650
359670
359760
359781
359780
359790
359800
359810
359840
359860
295710
295730
295750
295770
295790
230290
295850
295870
295910
295930
295990
296010
296030
296050
296070
296150
296170
296180
296200
492822
296210
296220
230691
230692
230700
296240
296271
296280
296300
230760
230820
296360
230840
230860
230883
230882
230880
230887
230886
230885
230884
230891
230890
230889
230888
230892
230900
296450
230920
296470
296490
296510
230980
296530
296550
231020
296570
231040
296590
231060
296630
296650
231120
231140
231160
296710
296730
231200
296770
231250
296810
296830
231310
296850
231330
296870
231350
296890
296910
296930
231430
296970
296990
231455
231454
231453
231459
231458
231457
231456
231463
231462
231461
231460
231467
231466
231465
231464
231471
297000
231470
231469
231468
231475
231474
231473
231472
231479
231478
231477
231476
231483
297020
231482
231481
231480
231487
231486
231485
231484
231491
231490
231489
231488
231492
231507
231506
231505
231504
297050
297060
297070
297080
297100
297110
297120
297130
297140
297141
297142
297143
297150
231670
297210
231720
297270
231740
297290
297310
297330
231801
297350
297370
297410
231890
231910
297450
297470
297490
297510
297511
297512
297513
297514
297515
232010
297550
297570
232050
297590
297620
428690
232090
297644
297645
297640
297641
297642
297643
297650
297660
297720
297740
297750
297760
297780
297790
297791
297792
297793
297830
297831
297840
297841
297842
297860
297880
297892
297893
297894
297895
297890
297891
297920
297940
297950
297960
232430
297980
232450
297990
298000
298010
298020
298030
298050
232530
232550
232570
298110
232590
298140
298160
232634
298180
232647
232670
298220
298240
298260
298280
232750
298300
232770
232790
298340
232810
298360
298400
298420
232890
232910
298480
232950
232970
298520
232990
298560
233030
233050
298600
233070
298610
298620
298630
233110
298641
233130
298672
298680
233150
298690
233190
233210
233230
233250
298790
233270
298810
298820
233290
298830
298840
233310
298850
298880
233350
298890
298900
233370
298920
298930
233410
298950
298971
233450
233470
233490
233510
233530
233550
233591
233590
233592
233610
233680
233700
233710
233720
233740
233840
233860
364930
233920
233940
233960
233980
234000
234023
234022
234021
234024
234040
234080
234100
234140
234160
234190
234210
234230
234250
234290
496730
368230
304430
307590
307780
504470
373420
504490
504500
504510
504520
504560
504590
504610
504620
504630
504640
504650
504660
504670
504690
504700
504710
504720
504750
504770
504790
504800
504810
504840
504850
504870
504880
504920
504960
504970
504980
505015
505040
505060
505070
505080
505090
505100
505110
374040
505120
505130
505140
505150
505170
505210
505220
505230
505240
505260
505270
505290
505330
505340
374320
505400
505410
505420
439890
439900
439910
505440
505451
505450
505460
439920
505470
439930
439940
374400
439950
505480
439960
505510
439990
439991
439994
439995
439992
439993
505540
505550
440020
440030
440040
440050
505630
440090
440100
505640
505650
505660
505670
440130
505680
505700
505720
505730
505750
505760
440240
505790
440250
440260
440280
440310
440330
440340
440350
505890
440370
440380
440390
440410
440420
440430
440431
440438
440436
440437
440434
440435
440432
440433
440450
440470
506030
440500
506040
440520
440530
440540
440550
506080
506090
506100
506120
506140
506150
440630
506160
440650
440660
506210
506220
440690
440720
440730
440740
440750
506280
440760
440770
440790
440800
506350
440810
440820
440860
440870
440880
440900
440914
506460
506470
440930
440950
506480
506500
440962
440960
440961
506510
440980
506540
506550
506570
572120
441040
506590
441050
441060
572130
506600
506610
506620
572150
506630
572170
572190
572180
572200
506670
572220
506720
506730
572280
506750
572300
441230
506760
506770
506780
441240
572310
572311
441250
441260
441270
506804
506803
506802
506801
572350
506800
572340
441280
506830
441300
441301
572380
572381
572382
375770
506840
506850
506860
572390
506870
572400
441340
441350
572420
506900
506910
441370
441380
506920
506930
506940
572470
572490
572480
441420
441430
506960
506971
506970
572520
441440
572530
507010
507020
441480
507030
572570
441490
441510
507040
572580
507050
507060
507070
441550
507080
441560
572630
572640
507120
572660
507130
507140
441600
441610
572700
441630
507180
441640
572710
572720
441670
572750
572740
507210
572760
441680
441690
441700
572780
441710
572770
441720
572790
507270
441730
441750
507280
507290
572840
507300
441760
507310
441770
441782
441780
441781
441790
507340
572870
441810
441830
507360
507380
507390
441850
441870
572930
507400
507440
441920
441940
573010
507490
441960
573050
573040
441990
573060
573080
442000
442010
442020
573110
442052
442050
442051
442070
573150
573140
573160
442080
442090
442100
442101
573180
573190
573210
442140
573260
442190
573270
573290
442210
573280
442220
442230
573310
573300
442260
573330
442280
573350
573370
442290
573360
573470
573460
573480
573500
573530
573520
573546
573550
573540
573580
573570
573610
573600
573630
573640
573660
573770
573790
573780
573830
573850
573870
573860
573880
573890
573920
573960
573980
573990
574030
574020
574040
574090
574080
574120
574130
574150
574170
574190
574230
574270
574280
574310
574320
574380
574400
574460
574450
574490
574500
574520
574570
574560
574590
574580
574620
574630
574640
574670
574671
574680
574672
574673
574675
574690
574710
574730
574740
574780
574770
574790
574810
574860
574850
574880
574910
574920
574950
574970
574971
574972
574990
575000
575010
575030
575050
509530
575080
575100
575090
575110
575130
575140
575180
575170
575190
575210
575230
575220
575240
575260
575250
575270
575280
575330
575360
575400
575430
575470
575460
575500
575501
575490
575510
575550
575540
575560
575580
575590
575610
575600
575630
575620
575640
379720
249121
445770
511740
252950
385220
385230
385240
385250
385260
385270
385310
385330
385350
385360
385370
385380
385390
385400
385410
385420
385440
385460
385470
385490
385511
385510
385520
385530
385540
385560
385570
385580
385590
385600
385630
385640
385650
385660
385670
385680
385690
385700
385710
385721
385730
385760
254700
385770
385790
385800
385810
385820
385830
385840
385860
385870
385880
385890
385900
385930
385950
385960
385970
385980
386000
386050
386070
386080
386090
386100
386110
386130
386140
386160
386180
386200
386260
386280
386290
386310
386320
386330
386340
386350
386360
386390
386400
386420
386430
386460
386470
386480
386490
386500
386510
386520
386530
386540
386550
386560
386570
386580
386590
386600
386620
386630
386640
386650
386690
386700
386710
386740
386750
386760
386770
386780
386820
386840
386860
386870
386880
386890
386900
386911
386910
386913
386920
386930
386940
386970
386990
387000
387010
387020
387040
387060
387070
387080
387090
387100
387110
387120
387130
387140
387150
387160
387170
387230
387240
387270
387280
387290
387340
387370
387380
387400
387430
387440
387450
453900
323670
587570
391360
457140
457760
